'../img/Label/01_zt.png' ,119.4980610 ,32.3914035 ,32
'../img/Label/02_jd.png' ,119.4992328 ,32.3922905 ,67.77
'../img/Label/03_yk.png' ,119.5002153 ,32.3922585 ,67.77
'../img/Label/03.png'    ,119.5000959 ,32.3912112 ,33
'../img/Label/04_df.png' ,119.5015910 ,32.3911621 ,32.38
'../img/Label/05_hf.png' ,119.5007898 ,32.3917247 ,18
'../img/Label/06_sh.png' ,119.4992868 ,32.3903867 ,32
'../img/Label/07_zh.png' ,119.5001304 ,32.3904353 ,32.5
'../img/Label/08.png'    ,119.5015710 ,32.3918366 ,33
'../img/Label/12.png' ,119.4983252 ,32.3904518 ,32
'../img/Label/15.png' 119.4990971 ,32.3915790 ,31.5
'../img/Label/16.png' ,119.4992704 ,32.3911398 ,31.5





